570.64     630.32    267.522              
530.76     680.17    267.629              
490.68     720.62    267.098              
460.84     740.33    267.069              
470.81     750.17    266.422              
410.65     790.99    266.682              
380.18     850.63    265.971              
360.09     910.81    265.057              
400.72     850.76    264.495              
430.18     830.35    264.326              
430.81     830.57    264.286              
450.75     790.98    264.439              
460.32     780.66    264.690              
520.30     730.69    264.894              
460.88     790.49    264.468              
470.72     790.87    264.340              
490.40     810.77    263.958              
520.26     780.56    264.472              
540.04     750.03    264.521              
530.95     740.07    264.638              
530.15     700.59    266.360              
520.46     630.85    268.038              
480.71     670.62    267.780              
430.23     730.74    267.446              
380.91     790.82    267.174              
350.54     860.71    266.281              
300.20     970.29    265.385              
360.52     950.07    264.415              
460.59     670.24    268.742              
400.07     730.97    268.758              
350.16     810.99    268.489              
320.39     790.68    269.138              
320.73     730.57    269.612              
400.76     670.88    269.099              
530.21     600.82    268.164              
600.31     560.29    267.434              
590.29     540.36    267.429              
490.15     600.75    268.426              
390.54     660.25    269.116              
620.16     580.72    267.485              
680.27     460.15    266.464              
570.75     660.21    266.215              
560.53     720.10    265.242              
580.97     730.34    263.455              
540.80     750.42    264.357              
540.60     800.13    262.841              
460.66     880.32    263.657              
420.86     950.19    263.179              
380.63     1010.87    262.967              
330.66     1020.36    263.889              
290.28     910.66    268.411              
470.52     850.37    263.808              
420.46     880.17    263.939              
540.90     750.16    264.792              
430.86     960.92    262.103              
420.48     1030.15    259.304              
440.07     1010.90    259.566              
480.05      950.90    258.967              
530.25     860.28    259.708              
590.05     800.19    259.910              
460.47     1030.76    257.217              
500.20     970.34    257.020              
530.20     910.81    257.260              
550.23     920.63    255.578              
550.83     920.87    255.053              
600.29     850.20    256.284              
650.72     780.16    257.272              
670.56     810.97    254.455              
680.04     820.37    254.649              
610.77     890.64    253.923              
620.74     900.37    254.378              
560.90     970.64    253.495              
580.16     980.48    254.142              
520.28     1070.03    253.256              
530.60     1070.65    253.886              
580.34     1100.22    253.169              
620.99     1010.42    253.376              
670.77     930.59    253.739              
730.33     860.10    254.119              
